deeplabV3+ fps:40.068595
trainloss: [0.7546346174990148, 0.7133537344398256, 0.7052835260712823, 0.6932346287161805, 0.6833224222851606, 0.6767938113111774, 0.665961103824934, 0.6601973930826651, 0.6511306408595837, 0.6434210848228624, 0.6403031725964133, 0.6338853022008819, 0.6264106140454274, 0.6249524136300318, 0.618719573378815, 0.6160273289831698, 0.6117140706825458, 0.6097613852195457, 0.6113591186591989, 0.6041415406836012, 0.6028173225626633, 0.5986393255990857, 0.5995236700105364, 0.5982147966202419, 0.5943294941874941, 0.5943874075347223, 0.5901417529356152, 0.5911500026131281, 0.5873645496166786, 0.5900127938761519, 0.5905178613944991, 0.5876555906541756, 0.5828493742811756, 0.5840636662524548, 0.5847822938106528, 0.5846767228325124, 0.5818114940384226, 0.582854031130325, 0.5842767258905205, 0.5794861238552198]
valloss: [0.6936116877056303, 0.682497345265888, 0.6744469404220581, 0.6713516093435742, 0.6543620109558106, 0.6463161252793812, 0.6473160408792041, 0.6268021078336806, 0.6246120265551975, 0.6187299115317209, 0.617410739830562, 0.6129637434369042, 0.60366233757564, 0.6025705121812366, 0.5991695551645189, 0.5991105096680778, 0.600861838885716, 0.5856140596526009, 0.5984204490979512, 0.5833774248758952, 0.5863778193791708, 0.5898598869641621, 0.58685028893607, 0.5762010103180295, 0.5779861211776733, 0.5765118718147277, 0.5773925917489188, 0.5735782339459374, 0.5690339037350246, 0.571858134723845, 0.5749144321396238, 0.5655604300044832, 0.5635879664194017, 0.5685511356308347, 0.578493967510405, 0.5727616968609038, 0.5658889208521162, 0.5754109524545216, 0.5674608667691549, 0.5627077102661133]
valAP: [0.23763223401449077, 0.25463892435826385, 0.26289779433440846, 0.2861187521681411, 0.271661269055462, 0.28137935335439357, 0.2984344528070356, 0.30117080898638143, 0.31986427118000005, 0.31563560112343886, 0.3023696800313084, 0.31414894386842684, 0.3301498098262164, 0.3340729077100186, 0.3387299813915208, 0.3421351302797022, 0.33110466578203823, 0.3325703011212634, 0.3280211089853143, 0.3452184170600127, 0.3296064371193465, 0.3373822794226565, 0.34722990528359376, 0.34920165886816407, 0.3364742087303943, 0.3464589953118384, 0.3468667612383277, 0.34908569043915016, 0.35515527026008376, 0.36027664911018076, 0.3534083715368816, 0.3612241059106377, 0.3588176631721284, 0.3654570871694525, 0.3570606382452162, 0.357860971223416, 0.3533600414707613, 0.3683647176734443, 0.3605825561812328, 0.3645992300229851]

MDlinknet_xception（只用了级联空洞卷积）
trainloss: [0.7286086348348138, 0.6759618625958425, 0.6525425936152517, 0.6397027773408507, 0.6331571209506303, 0.6283378528616141, 0.6284842980714479, 0.6234655173585985, 0.6242556394280642, 0.6228725729986678, 0.6199448926504268, 0.616252331602649, 0.61967789269905, 0.6165850662151804, 0.6152419393712824, 0.619321008817338, 0.6160991847767134, 0.6120868557099308, 0.6170550180287996, 0.6152395720083668, 0.6151688743469327, 0.6134798662859088, 0.6131744098713736, 0.6144564325663302, 0.6140603461552876, 0.6161167260582301, 0.6114501872476009, 0.6177249599334805, 0.616812118831195, 0.6149322072370864, 0.6150324273437072, 0.6150208550956234, 0.6172729816295632, 0.6188938106719334, 0.6140330353196529, 0.6174897988805307, 0.623738044160113, 0.6189409995935936, 0.6207896225296166, 0.6191226636506538]
valloss: [0.6649021279244196, 0.6461000771749588, 0.6293561702682858, 0.6087293272926694, 0.603831726596469, 0.6085935445058913, 0.6183490611258007, 0.6082886786687942, 0.606428679398128, 0.6048606548990522, 0.6013764954748608, 0.6068939685821533, 0.6029877055258978, 0.6002662868726821, 0.6157909841764541, 0.5854636794044858, 0.6058885063443865, 0.6019837282952808, 0.599896338440123, 0.5958437408719744, 0.5989907168206714, 0.5803219131061009, 0.6070327338718232, 0.6030129199936276, 0.6056366074652899, 0.6111496448516845, 0.6000532973380316, 0.5907252720424108, 0.6138390069916135, 0.5970275254476638, 0.6018575952166603, 0.5929184862545558, 0.5960175627753848, 0.6210246375628881, 0.6060459954398019, 0.5907463573274159, 0.6284080862998962, 0.613582040014721, 0.6002891370228358, 0.5983950921467373]
valAP: [0.26377532943104137, 0.28429460316403593, 0.29046171964947815, 0.3326809228701127, 0.320055565984539, 0.34445340049794976, 0.31613494051491553, 0.32175513804439415, 0.3333206530978646, 0.33311211525555734, 0.3258427727755602, 0.30470504801594395, 0.33564755809092367, 0.3289292207918064, 0.32701406753479395, 0.3382889568769885, 0.32575983639508294, 0.3370850901970129, 0.3253577860071063, 0.3539393110716485, 0.3436559607587172, 0.34814173164756085, 0.3195603364666199, 0.32020612241042246, 0.33887114338111407, 0.3083475499047255, 0.30940465002260253, 0.3330174438383509, 0.3033693047919398, 0.32050114537210994, 0.32766190990970057, 0.3232024296350291, 0.3288530561212675, 0.33025331111731027, 0.31396261174539236, 0.3407167058683156, 0.3216849361883664, 0.32890017342676026, 0.33147276676791526, 0.3197359409553801]

Dlinknet_xception fps:37.257744
trainloss: [0.7302873288980246, 0.6787628399771314, 0.6596293001421915, 0.6480082194094426, 0.6417810782065603, 0.6366465132029817, 0.6332333885590067, 0.6304220629670907, 0.6294150513145939, 0.6305084108172209, 0.6242496838151275, 0.6225084916985816, 0.6249214966503813, 0.6251928088654928, 0.6259819121743861, 0.623376434184532, 0.6237976259333387, 0.6222154222759586, 0.6282817302370173, 0.6232153758186114, 0.6243917967879999, 0.6204590930999208, 0.6178703393795022, 0.6209961593655149, 0.6163178068008786, 0.618514667920784, 0.6162775109736662, 0.6199158956838209, 0.6247061024130525, 0.6239706993607084, 0.6227206367896929, 0.6252666539798075, 0.6192610127099221, 0.6298888664669012, 0.6221104886768736, 0.6245868860037079, 0.6344067960914548, 0.6294964839867759, 0.6355458123739376, 0.6314734101421485]
valloss: [0.6817663896651495, 0.6391114530109224, 0.6419617153349377, 0.6182339077904111, 0.6072205288069589, 0.6187880107334682, 0.6166587608201163, 0.6160705640202477, 0.6087524521918524, 0.6157965665771847, 0.6073212317058019, 0.6142732563472929, 0.6055301126979646, 0.6103728748503185, 0.618208054133824, 0.6089881102244059, 0.6207280806132726, 0.6083152129536583, 0.5953120470046998, 0.6126985311508178, 0.5912266123862494, 0.5967743601117815, 0.606652900150844, 0.6182024501618885, 0.5895871457599459, 0.5957699491864159, 0.6009522841090248, 0.6084849312191918, 0.605653274626959, 0.6087435642878215, 0.6161142695517767, 0.618072429725102, 0.6059352386565435, 0.5990376290820894, 0.6097697933514913, 0.6014202765056065, 0.6370615329061236, 0.6144450204713005, 0.5997222917420524, 0.6318401745387486]
valAP: [0.24790232222275663, 0.29977494341301447, 0.3033429875163578, 0.3247719939481221, 0.3095928409014364, 0.34401860048567606, 0.313755046684468, 0.3459407031524823, 0.33567987317799647, 0.3185574135036365, 0.31953412995717556, 0.32380919587463863, 0.32432537304795234, 0.3202214047753201, 0.31120911022496067, 0.339081782257217, 0.3310871823532004, 0.3155183594753646, 0.3210648923048973, 0.32668303770485074, 0.33617771343933983, 0.30896005859750225, 0.32807718296602517, 0.2950992554616784, 0.33456177217067934, 0.35457553324586205, 0.3355573971529625, 0.3361522625113199, 0.32664859607095026, 0.34430017051639267, 0.3083439712590245, 0.3307468550267162, 0.32869291822734764, 0.31410574163496263, 0.3322818785149605, 0.33650870677963, 0.340029989409245, 0.3029588530464178, 0.3239934306108438, 0.283193310362357]

Unet_resnet fps:72.728573
trainloss: [0.7554003672544346, 0.7008299248541132, 0.6846718567622389, 0.6742589706220284, 0.6692450771120083, 0.6591513180833538, 0.6559038547204362, 0.6497824747769072, 0.6442255415573684, 0.6389175430412777, 0.6404812123004276, 0.6357078106786433, 0.6328139170279714, 0.6294259769845967, 0.6288901730017229, 0.6250841664209427, 0.6215360874731495, 0.6225065047720774, 0.6180508554485837, 0.6173498850418195, 0.6145482931530248, 0.6112372754240137, 0.613428857626421, 0.6106092750270069, 0.6093609236637583, 0.6087589517834323, 0.6039912178954917, 0.6046509684140284, 0.6056910478539497, 0.6021684803241907, 0.602478469779073, 0.5983283938111513, 0.5999167679984272, 0.5977070514293856, 0.5985660021199233, 0.5960825466202379, 0.5949647760542452, 0.5949053855703447, 0.5914948076702827, 0.5928893818285702]
valloss: [0.6738854010899862, 0.6857780672255016, 0.6559503572327751, 0.6588357635906764, 0.6429463363829113, 0.6349850768134707, 0.6342631873630342, 0.6214854365303403, 0.6182820252009801, 0.6216884510857719, 0.6129917542139689, 0.6325324881644476, 0.60527784937904, 0.6093204975128174, 0.6091193324043638, 0.6039205244609288, 0.6041179878371102, 0.6059789532706851, 0.6036812396276565, 0.6017020815894717, 0.5891334533691406, 0.6050712789808, 0.5953078093982879, 0.5917394042015076, 0.5897377553440276, 0.5880268534024556, 0.6070403184209551, 0.5889384275390989, 0.5851172521000817, 0.5806259297189258, 0.5809572662625994, 0.5848730938775198, 0.579736011936551, 0.5863371054331462, 0.5877939757846651, 0.5743259004184178, 0.5838018718219938, 0.5676075123605274, 0.5826407636914934, 0.5743848619006929]
valAP: [0.25250548050678673, 0.24931990746032606, 0.2813263632298532, 0.27732326389708434, 0.2804330773221834, 0.29459486327407824, 0.2952621675909287, 0.29081846286944046, 0.3257575090662554, 0.3214952034418328, 0.32079426975578357, 0.2947458074770494, 0.33554738575341037, 0.31714389615756633, 0.3044241784710377, 0.3310896573058398, 0.3272326992383443, 0.3223965235930606, 0.33119945343705653, 0.34661534974727054, 0.3434191389995987, 0.3286074695836629, 0.34622954104272546, 0.3319602638706958, 0.3381098877642132, 0.35398566833101525, 0.337772733430181, 0.3395373639766206, 0.3478903767385695, 0.3462283203407287, 0.3508540690842359, 0.34562580076000937, 0.3600724010823701, 0.3436401059322731, 0.3503628308750845, 0.34803755315857493, 0.34874262732914746, 0.3585324365842191, 0.3462214431979046, 0.3464408899250292]

MDlinknet（只用了级联空洞卷积）
trainloss: [0.7299756810352616, 0.6780061382193898, 0.6606699028554477, 0.6586747494610873, 0.6523523355891286, 0.6462650592054927, 0.6485262599480328, 0.6462589061285426, 0.6416716546639327, 0.6403614138321947, 0.6408120629399322, 0.6423903762286107, 0.6401166483035299, 0.6405282279527716, 0.6367519107227849, 0.6393775514643993, 0.6396994338101111, 0.6406492087478114, 0.64045344082044, 0.6418204799641011, 0.6383480856836976, 0.6376917667167131, 0.6350241900750497, 0.6377061414542208, 0.6411899899075449, 0.6391008345067627, 0.6418610266852832, 0.6383396098528049, 0.6394315008507219, 0.6340500885033961, 0.6352086723732898, 0.6351088164472681, 0.6382458655451115, 0.638362467351978, 0.6453721665050717, 0.6420673349947053, 0.6458685105119145, 0.6420471799298019, 0.6406970707105027, 0.6505385984452028]
valloss: [0.667427476814815, 0.6559405639058068, 0.6451999408858163, 0.6311211591675168, 0.6283064558392479, 0.6240170512880597, 0.6243644089925857, 0.6172455219995407, 0.6236698122251602, 0.6376190849712917, 0.6077621851648604, 0.6215592883882068, 0.6181036211195446, 0.6091822294961838, 0.6059165443692889, 0.6160066076687404, 0.6181868661017645, 0.6211076878366016, 0.631272748538426, 0.6113163550694783, 0.6243967646644228, 0.626536724680946, 0.6132172703742981, 0.604112350373041, 0.6162070456005279, 0.6261239347003755, 0.6166986408687773, 0.6179588720912025, 0.6111224503744216, 0.6048919161160787, 0.6027157726741973, 0.6071182109060742, 0.6184292066664923, 0.6208160082499187, 0.6288035160019284, 0.6371975104014079, 0.628349240620931, 0.6248641405786787, 0.6475277997198559, 0.6339965604600453]
valAP: [0.25453266707504496, 0.29867535057692357, 0.2996976762156129, 0.30290522133023295, 0.310056495616592, 0.32091893855746123, 0.3002429394655291, 0.3029742980965077, 0.3347659945612928, 0.2919058148435995, 0.32534178019749543, 0.3119760964177412, 0.2999106379734878, 0.30522281520837724, 0.3158645821517241, 0.2996499671256347, 0.30082753067286894, 0.30197366233726863, 0.3213103936761097, 0.3123830566059111, 0.31098257985470046, 0.3219425114181732, 0.30982049053766536, 0.31771349111151664, 0.2949121993009384, 0.32122264993218924, 0.3102212420737558, 0.2997952502018586, 0.3198457469968824, 0.31756473681202724, 0.3222644738826676, 0.3268426519456181, 0.29469364717188434, 0.3250887214600023, 0.3265022483281672, 0.33046598647714814, 0.33252978122213994, 0.3140720356814302, 0.31438407325428347, 0.30938433560785256]

Dlinknet fps:73.778478
trainloss: [0.7280478571358493, 0.6803324634630634, 0.6647783026382736, 0.6552647860685312, 0.6465853993912832, 0.6414906475811125, 0.6405625588420077, 0.6373764217277914, 0.6319314745465494, 0.6301838394577357, 0.6330372027060446, 0.6332543390875891, 0.6294387435308219, 0.630225828283685, 0.6310877013660132, 0.6292574946900503, 0.6271764659352332, 0.6249329905177272, 0.6260617509578802, 0.6271347443220732, 0.6271139414819552, 0.6284146611962712, 0.6259190623528358, 0.6269617622548883, 0.631252384778057, 0.6300874468388064, 0.6302306992937092, 0.6342212351129625, 0.6328127311727714, 0.6297184183532037, 0.6242347096917997, 0.6325504775405182, 0.6273322046811183, 0.6284219522430832, 0.6269921282381135, 0.6278316603528521, 0.6291337732784844, 0.6313625019020056, 0.6258709655629656, 0.6239184814074075]
valloss: [0.6613829629761833, 0.6493570475351242, 0.6504800376437959, 0.6159393594378517, 0.6267715505191258, 0.6225730657577515, 0.6223885644049871, 0.6154798070589701, 0.6126026261420477, 0.6134022746767317, 0.6142886632964725, 0.6421717166900635, 0.594999407018934, 0.6134635777700514, 0.6144034947667804, 0.6032778609366644, 0.6086530486742655, 0.6000478386878967, 0.6203086699758257, 0.6089017788569132, 0.6065597250348046, 0.6175246477127075, 0.6177132118315923, 0.6157442972773597, 0.6145897774469284, 0.6064355169023786, 0.6209481210935683, 0.6018424698284695, 0.6128296256065369, 0.6061571172305515, 0.6288017284302484, 0.640881275563013, 0.6066472257886614, 0.635150671005249, 0.6186688797814506, 0.6188727781886146, 0.6174772773470197, 0.6152929686364673, 0.6051350536800566, 0.6113341007913862]
valAP: [0.2707905006985837, 0.2813460641096171, 0.26907702708701914, 0.3141427158948536, 0.31464268735112044, 0.3026786357331047, 0.30308376335315484, 0.33752144545666357, 0.3258295605612903, 0.32436615370035016, 0.33723376891790746, 0.30036805021929514, 0.324458384163329, 0.30051737395185657, 0.34069108732119974, 0.3165257977468408, 0.32378525112422263, 0.34295828439616227, 0.31923995470353983, 0.3225543274522228, 0.3126830817107746, 0.313192288815482, 0.3209444711714883, 0.3256769015368313, 0.28800187908645913, 0.30763171492988267, 0.28968462226264646, 0.3246674948809898, 0.3200352658800042, 0.3153756291739257, 0.29501836012193455, 0.28938347552430027, 0.3084934689116618, 0.3189554888621117, 0.3621016082262852, 0.31408722441494213, 0.3155523511801739, 0.3161023978014995, 0.31140467828769175, 0.3243183119308503]

linknet50 fps:74.920808
trainloss: [0.7258803586753175, 0.679764559606669, 0.6695258739004679, 0.6635140479241063, 0.6531975204420393, 0.6454874095024569, 0.6498234119526175, 0.6448518229337373, 0.6427338018729873, 0.6455279959180642, 0.6438959341724629, 0.6392660629925718, 0.640270670423044, 0.6385242472113313, 0.6379648930930688, 0.6508585316686247, 0.6440385469170504, 0.6419772128348119, 0.6403893598416391, 0.6413157356087804, 0.6398125787996086, 0.6387207688287247, 0.6385987310908562, 0.6360990468089727, 0.6354936862218707, 0.6323662639672358, 0.6346310605836469, 0.6337191803384785, 0.6352936033214626, 0.6349735541021093, 0.6335463309010794, 0.6382390054033372, 0.6363079816922073, 0.6328565885980336, 0.6374618358768318, 0.6324051977086017, 0.6337899929247245, 0.6351523226083711, 0.6332734418721834, 0.6344797199170635]
valloss: [0.666404364222572, 0.6394789167812892, 0.6383927197683426, 0.633831258614858, 0.6208585761842274, 0.6265320828982762, 0.6348934576624916, 0.6118410377275376, 0.6394523637635368, 0.6266986341703505, 0.6137478289150057, 0.6335329379354204, 0.6207257861182803, 0.6072769380751111, 0.6161827535856338, 0.6339815559841337, 0.6331193730944679, 0.6210200656028021, 0.6213772336641947, 0.6140379485629853, 0.6116387736229669, 0.6227099043982369, 0.6218600988388061, 0.6067021954627264, 0.6154058189619155, 0.6185413576307751, 0.6035592118899028, 0.6014783405122303, 0.6076915945325579, 0.6129287146386646, 0.621779499735151, 0.6098007616542634, 0.610598840032305, 0.6129394678842454, 0.6072389250709898, 0.6259255772545225, 0.6030749882970537, 0.6212562935692924, 0.6135814814340501, 0.6233012721652076]
valAP: [0.2534939283483647, 0.2865960960709474, 0.2907623294364328, 0.2913848820614718, 0.29706066414602356, 0.3218550304494654, 0.3139582430246042, 0.30585666497398367, 0.30229125015861374, 0.3330811489462392, 0.3131087917144276, 0.3195206085474597, 0.30256306957232787, 0.31988388943864754, 0.2939115458000041, 0.31522250229265486, 0.31856929169902426, 0.3107295157459158, 0.3054026184956497, 0.31472998190886564, 0.3163899814195734, 0.31557953155521046, 0.3240768760556035, 0.32003199441994684, 0.3284044518887462, 0.2970770442497516, 0.3362109644323927, 0.3273821683851492, 0.3193294952574746, 0.3145070112896908, 0.33689510184870886, 0.33133865116313266, 0.3175088262187441, 0.35449971360487365, 0.32196605771686343, 0.3013449926600971, 0.315520833717991, 0.2990212256671738, 0.3167942096756892, 0.30611905695761443]

Dlinknet34 fps:98.333837
trainloss: [0.7063413554719841, 0.6581824162923761, 0.6387122637625728, 0.6293548262396524, 0.625167973386813, 0.6191779055000611, 0.6164375529732815, 0.6147248416698005, 0.6142467795290352, 0.6107600236165851, 0.608945597490851, 0.6071913053319016, 0.6076001791444944, 0.6040281471944007, 0.6043475735263139, 0.6010001270892, 0.6046334392928674, 0.600906582702794, 0.6021983944840461, 0.6016024911252439, 0.5990128722553777, 0.6007440346618032, 0.5990932925937039, 0.5990451614019987, 0.5971885453949015, 0.5953943906450373, 0.596858825668472, 0.5986242683694932, 0.5968628676320735, 0.59674615820921, 0.5953302414926364, 0.5980720406606888, 0.5961580195840267, 0.5967141680939253, 0.5979300912540508, 0.5962391188230374, 0.5955414034221439, 0.5974326538863192, 0.597935069376016, 0.5967698041152752]
valloss: [0.6659326632817586, 0.6343059852009728, 0.6266576352573576, 0.6128188172976176, 0.6061966816584269, 0.6020710888363067, 0.5916902888388861, 0.5971717045420692, 0.5892910503205799, 0.5935248999368576, 0.6017508239973159, 0.5830808929034642, 0.5921885547183808, 0.5995566339719863, 0.5821959506897699, 0.5815908903167362, 0.5803653200467428, 0.5832036762010484, 0.5933200137955802, 0.5750526246570405, 0.5777158192225865, 0.587390360945747, 0.5764021373930431, 0.5857531121798925, 0.57838690053849, 0.5792136714571998, 0.5757948165848141, 0.5932071265720186, 0.5914841731389363, 0.5805180839129856, 0.5877159714698792, 0.5765435542379107, 0.5839174128714062, 0.5777206313042413, 0.5746628891854059, 0.5822834968566895, 0.5773232420285542, 0.575423028355553, 0.5764260751860483, 0.5751836805116562]
valAP: [0.2735708118672749, 0.30359586293449986, 0.3185294079802745, 0.3243119312315742, 0.3337242947305048, 0.3352216611580556, 0.32845945280850547, 0.34462710752086806, 0.3393710067997366, 0.3349534405101966, 0.31858636380844263, 0.34837888363586245, 0.33358266449916457, 0.3228176433109415, 0.3400521848208459, 0.34689751830085325, 0.3349700069548352, 0.3439734487644113, 0.3287506312070091, 0.3391232571524137, 0.3526954936112948, 0.3357152791450491, 0.3424106279637466, 0.3629032407302181, 0.34878131463127277, 0.3441851717134736, 0.3456665333626571, 0.33549104482878717, 0.3156180901819797, 0.34329681286088326, 0.3330499840067029, 0.3340246672584479, 0.33608567482337054, 0.34446891836961835, 0.35048473360440824, 0.3460082042466374, 0.3475639970369648, 0.3421965271438174, 0.3410442229822441, 0.35377008531316356]

resnet_fcn fps:97.542996
trainloss: [0.7390580431225436, 0.6538710141156743, 0.6405278881558908, 0.6321031852580025, 0.6223238205682904, 0.6185738089598762, 0.6184875458541934, 0.6131656881240659, 0.6098660435409425, 0.6074243964150895, 0.6042058083522144, 0.599476786609936, 0.6022140724588398, 0.6014728119585026, 0.5976858733824393, 0.5982645268042042, 0.5947110212504486, 0.5931196154172023, 0.5928879136388953, 0.5918923465822514, 0.5908707508199059, 0.5894670720206254, 0.5889441260071688, 0.588722411409241, 0.5899884342265179, 0.5840492356277167, 0.5864495062928875, 0.5856297297155126, 0.5823162820576109, 0.5836612246379288, 0.5797246898077507, 0.5826394913942566, 0.5821578605356479, 0.5814499519844136, 0.5782478067385974, 0.579859176158401, 0.5804045273436048, 0.5779721353195182, 0.578391241472821, 0.577813182207293]
valloss: [0.6569916685422261, 0.6178541887374152, 0.626944447131384, 0.6233246383212862, 0.5950701066425869, 0.5996281754402887, 0.5951488182658241, 0.5942276046389625, 0.5801398544084458, 0.5915696609587896, 0.5886050411633083, 0.589960431484949, 0.5807672528993516, 0.5823495785395304, 0.5881317734718323, 0.5791415623256139, 0.5844025276956104, 0.5766619500659761, 0.576454496383667, 0.5850552013942174, 0.5734251379966736, 0.5793803850809733, 0.567063616003309, 0.5893252866608756, 0.5687094972247169, 0.5678810715675354, 0.5661526935441153, 0.5740835240909031, 0.5792711655298869, 0.5648890041169666, 0.5680999051956903, 0.5717007563227698, 0.5519588896206447, 0.5638856632368905, 0.5613024325597854, 0.5671978223891485, 0.5552371184031168, 0.5632904870169503, 0.5705279764674959, 0.5610915484882536]
valAP: [0.30123140840942053, 0.29645680071209507, 0.2957099654839775, 0.3131687993500052, 0.34242421535666034, 0.3194500816912706, 0.3289255275191517, 0.3307837205106279, 0.3453894710023533, 0.33476060132291185, 0.34024942827616006, 0.34932464276326725, 0.3474854132741201, 0.34728827028536413, 0.3392489416890521, 0.3344232501643323, 0.3532542354493656, 0.3391585168032449, 0.35041248839217876, 0.3460198336349292, 0.34123315364391477, 0.34502908501871227, 0.3539295522882364, 0.3321017946200562, 0.3567786488637427, 0.34614349280983203, 0.3437275204463374, 0.3501726711525454, 0.34125975430627375, 0.3556151141905556, 0.3515399053191847, 0.36806374848138673, 0.36146824884766426, 0.34923007803846495, 0.3634373793242203, 0.3675850214530094, 0.3660367835040006, 0.35845991111808195, 0.36443081155440976, 0.3626637352934027]

segnet fps:151.798966
trainloss: [0.8026621666191496, 0.7482731862123623, 0.7045192360625963, 0.6844283150190027, 0.6707043938858565, 0.6642289027477167, 0.6536731522758717, 0.648325670408144, 0.6431964041692761, 0.6391197520507063, 0.6382003646446333, 0.6340932139760596, 0.6296194048310939, 0.6290495101417598, 0.6252479466272963, 0.6227352210885626, 0.6244063058564829, 0.6229428097007138, 0.6198592635844273, 0.617779506185342, 0.6157091871754564, 0.6150228789442438, 0.6153480376552074, 0.6125739099611439, 0.6092780703722045, 0.6111670020518797, 0.6105219731245182, 0.6089190309571917, 0.6068183063956698, 0.6089869911524508, 0.606830805918127, 0.6043416833146682, 0.6036098039301455, 0.6026682167552239, 0.6024389565621068, 0.6033748110429429, 0.6019028219813777, 0.6001344758536801, 0.6013461152292457, 0.6006788690800898]
valloss: [0.7435207622391837, 0.7026463843527294, 0.6625491028740292, 0.655007004737854, 0.6620399792989095, 0.6614563550267901, 0.6261064273970468, 0.6265639288084848, 0.6190586220650446, 0.6138952942121596, 0.620519270783379, 0.6126951819374448, 0.6189331724530175, 0.6056156555811564, 0.6057262460390727, 0.6183985715820676, 0.6255578018370129, 0.6032387608573551, 0.5922137464795794, 0.5933560990151905, 0.5919421286810012, 0.5864863571666535, 0.5914028462909516, 0.5916096624873933, 0.5875449089776902, 0.597377005645207, 0.590154306661515, 0.5882771730422973, 0.5896689244679042, 0.585648212546394, 0.6017887331190563, 0.590950307959602, 0.5920853648866926, 0.5833626162438166, 0.579322954586574, 0.5874977446737744, 0.5914926614080157, 0.596642606031327, 0.5773700152124678, 0.5883974381855556]
valAP: [0.17823544788788168, 0.2735874588438201, 0.3002719248451035, 0.2824326586065386, 0.29614382625730956, 0.2868528828862715, 0.29984526094453867, 0.30195133765203064, 0.3213281409869888, 0.31327477850113145, 0.3174920838520487, 0.3335770747839483, 0.3291954977530863, 0.33130143767511283, 0.34054555430425987, 0.32332381297870616, 0.3413198204192847, 0.3245982654627534, 0.32713791624124483, 0.34385373377159567, 0.3475380871027903, 0.35054168688154813, 0.3347542613569513, 0.3273481046970134, 0.3474049082332474, 0.34501585187106404, 0.338242272496815, 0.3414221672505677, 0.3477506235513874, 0.3462011991833865, 0.3214673640401154, 0.34364584370251655, 0.3512733414344344, 0.3491791351570957, 0.3377022109852633, 0.339307497981552, 0.33195154641155405, 0.35871983559059917, 0.34875537818563723, 0.3484983422739626]
